zjets_m-50_amc: 18312.296159662976
zg_llg: 18655.453324429487
hzg_gluglu: 20.50261747257021
hzg_tth: 0.2895582107405943
hzg_vbf: 1.5986376479394018
hzg_wh: 0.5437314767157719
hzg_zh: 0.446226812997895
electron_2016B: 7059.0
electron_2016C: 2846.0
electron_2016D: 4493.0
electron_2016E: 3972.0
electron_2016F: 3197.0
electron_2016G: 8580.0
electron_2016H: 9502.0
elelg data: 39649.0
elelg background: 36967.74948409246
