zjets_m-50_amc: 26034.781975507314
zg_llg: 26276.566411556287
hzg_gluglu: 28.019179352429024
hzg_tth: 0.3877917312870933
hzg_vbf: 2.1756960412017063
hzg_wh: 0.7199665517641494
hzg_zh: 0.6124785451563355
muon_2016B: 9132.0
muon_2016C: 3955.0
muon_2016D: 6369.0
muon_2016E: 5704.0
muon_2016F: 4699.0
muon_2016G: 11859.0
muon_2016H: 13690.0
mumug data: 55408.0
mumug background: 52311.3483870636
